100
984062 0
940636 984196
976414 957069
908725 955294
957957 955173
917065 920931
954754 911498
919902 945796
977044 979719
902442 939055
964254 925508
929941 956924
930047 960556
914428 915547
905551 905168
918940 969647
943787 923722
956669 973733
945396 973798
925580 989157
946496 965819
901452 999436
912620 953909
935923 906069
948844 946883
997539 907271
901735 917439
908655 961323
980494 973425
924786 911911
950884 901028
979847 980889
912789 980052
912169 900835
962663 958758
995352 968866
966953 923946
917973 978046
987185 960392
957127 946106
977940 964565
964156 962042
964268 997318
928891 900141
932854 920790
960696 920358
939822 993406
912089 969788
988227 935039
975716 982933
984683 914793
937358 984750
988240 930449
954211 903593
935536 943488
962713 944488
910397 990838
911733 936648
938826 972608
911222 949343
919883 939606
963903 990482
997791 975399
946204 907936
956311 917127
962626 953575
918098 957488
981790 998774
917746 963531
971852 906311
928081 962312
932657 951019
947130 987712
951409 911788
992082 992776
939507 916879
975304 949059
965975 946220
933001 910824
919302 988290
989417 914744
922422 934915
911305 916357
923492 939181
935422 910774
914160 937079
909927 952196
977990 925675
916962 972503
995940 901296
904743 914238
941216 936793
914801 977109
982913 954205
943560 979886
917212 921228
985752 970660
994167 947019
903330 925287
931441 985400
