1000
994942 979806
980575 978425
949828 952158
994971 931301
927371 939893
953687 942237
909411 983282
941819 927111
959334 981144
944333 940957
934829 983223
996362 935680
920219 999817
943695 912816
996047 976778
934045 925396
981577 950701
973950 953060
950133 949918
929931 929203
912476 946675
971989 957222
964199 959696
906780 960412
968658 995149
920412 930190
931097 925866
977326 912433
931054 911299
950739 927856
949025 933689
951000 942806
972689 900741
962972 925302
911399 947679
979221 920216
992289 959611
986246 974710
955643 923513
969157 943570
981833 918468
925839 970915
957112 958337
994107 999250
923622 953786
985277 917254
982840 982831
962068 903920
906120 914887
945712 928539
982734 984360
963678 940588
945086 976765
994879 952661
982959 973337
992106 944532
974799 947596
960168 935819
926865 993227
978726 935367
932731 935932
915423 999889
921186 955678
935008 903917
984732 969473
931550 938492
916380 916980
921389 973673
929719 914486
967985 991315
926164 967009
959163 975193
938800 955834
996694 996823
903647 927785
912307 935727
963955 936424
954029 992766
967817 957337
998473 918216
958094 962699
920925 975203
952096 923687
992881 921328
940015 961097
914970 992600
906802 924733
936901 960568
947661 950647
917456 994339
996563 969750
940863 939377
907742 916012
941510 989722
948158 914104
939932 945847
988601 932699
900205 939828
999535 988417
987831 913227
944741 925925
920677 937821
901862 909381
988469 970586
991316 910261
905567 956915
960031 973987
977261 906597
915939 977346
928348 964342
990227 950448
931632 967275
935420 976407
966625 908993
983368 958391
965404 930122
967592 917442
970577 947131
924432 988543
986748 933807
915656 915664
998007 978504
984750 994597
919718 971351
920064 915942
907750 935683
995743 980574
934089 902809
910796 938727
948132 956125
984773 993497
927082 926662
964652 945259
936240 926038
946811 951979
910006 962914
966831 910223
903973 915272
918005 985250
907511 927299
969092 955780
944755 984725
992846 968751
936252 920972
960853 965758
916055 983595
980290 928401
905658 946826
907048 981955
997712 996777
915472 964707
958363 917069
908947 947231
937137 952656
996266 986955
973742 906906
914246 989498
932260 950839
983581 966633
957695 991185
964411 971160
951066 962543
986530 907684
931195 933163
920051 925800
941921 929287
959129 986823
935472 957761
968369 955650
966426 984406
933725 913618
998707 980174
986047 917016
999777 996781
913690 986615
907085 910887
996840 932193
940849 912006
958441 960755
987272 953817
988157 900447
938801 983311
927588 935056
915646 912179
918220 910575
961594 993909
933625 941164
978461 961884
967678 953707
902960 900017
973949 947830
925693 993155
950064 961322
942751 960986
909774 916372
914308 929508
991857 986281
911118 949085
991892 958416
984642 932263
949963 971052
961355 998162
950249 952595
981310 954562
928858 901173
974401 991749
990488 980747
950970 997262
931621 986918
986377 978874
975834 909032
992150 991569
944020 972622
960400 961770
903472 964522
930653 959048
967359 936203
906737 952070
999156 901468
983888 966581
942860 996870
905221 979838
966504 939151
947690 951440
943422 911412
997312 905105
949501 995205
968933 992380
957763 923104
970487 953544
941666 993382
993800 921063
941869 945049
965795 976401
920410 926914
901553 994710
940808 997656
960867 940299
987745 970325
973235 929529
956211 976671
937565 934495
996088 992264
960573 982425
908912 905365
944913 980503
953987 973006
917864 928469
907096 988238
967092 987160
911017 907789
955566 963030
935252 956404
966371 947722
960383 973510
940440 904956
965811 997044
901809 925852
903286 977690
936628 999317
930678 921985
916455 949856
956565 964567
922412 946780
979051 977557
977910 920979
952758 944131
930546 958492
996344 963702
926831 913114
905443 931876
984877 952735
954055 970955
995957 968695
937645 962610
980853 970355
931126 997964
988346 924332
970962 928375
987959 975584
987039 983278
942173 954307
979477 964730
935756 978919
957320 962482
960622 992860
975542 940053
906503 949784
992439 907721
955345 966877
928849 900587
994064 904703
924608 973396
976587 995363
959073 923025
927021 910580
960503 983384
933162 933371
988841 953162
931209 917894
903865 915646
994683 902883
956009 978260
917575 941372
908499 949388
905137 926297
990708 998947
917477 945746
923048 924608
943264 919527
960702 923113
978462 997499
971169 951903
951130 956153
978646 927951
975557 944154
923057 937878
966748 944848
941257 962275
981699 991401
973851 907310
952655 986972
962128 905661
975696 916541
971809 943714
952360 999724
997340 905440
996406 957142
951222 917155
991802 904433
994270 935737
931265 986163
985039 917755
923222 981589
978075 939487
911637 900011
956775 989364
997152 952959
906282 957912
982964 965913
926683 940870
935908 997137
946667 915900
987388 907483
985361 902745
974361 929409
905234 959980
977308 992750
943376 970802
960152 993890
978615 954263
904869 922251
953339 996061
958192 963941
966809 969407
938451 928851
982015 981173
984862 984519
951195 930693
932147 982216
982088 932595
950082 907078
908023 973441
941890 978333
946977 968244
937205 955744
987984 960558
924739 902178
980108 985587
977385 941947
985249 957200
943888 904827
935069 905538
940597 995934
983154 950141
956072 954556
941669 931357
949117 971037
937977 968836
969223 963360
903601 988476
981623 983469
991383 945843
993626 903287
995209 914940
936730 917848
953542 988866
990059 944168
976547 923310
990499 946936
932567 941332
918145 986342
975053 903375
959887 965475
938363 945804
933702 905235
902382 963522
935809 996432
946593 921556
999919 926726
937846 928138
993502 937270
904767 943734
923002 950404
928880 972704
972922 928464
921897 963008
978518 957014
973206 965582
941940 949330
916327 965591
956753 999028
994319 960834
913182 951538
978260 913607
948510 973576
993317 970129
918737 918865
955426 939404
901008 973409
937099 998676
986757 909956
906456 946484
987447 927934
944883 999842
953140 998206
922675 930786
937976 964513
954121 943637
965137 951965
970895 992792
986310 955975
933212 942245
908970 977847
966857 908742
955997 968370
977123 971535
972997 914968
975078 932397
908678 997565
947520 993266
968711 938758
925322 901352
991081 938837
938051 915120
927096 942629
949173 931290
953632 945407
997918 982815
949259 954035
933972 946100
933152 967212
965376 907898
957165 916987
993733 906690
956770 939981
994192 906221
966224 965685
963256 947009
925424 906931
987091 980666
991490 952434
933826 922244
902285 968811
924610 990708
938192 984774
958197 982935
948020 969221
986066 906332
904364 980484
990089 918577
918518 922932
983223 952681
957306 920995
945612 924292
980742 999314
972457 953164
971770 943570
941997 963291
908329 919966
955936 965081
956702 929430
960007 957102
925921 960140
995410 982723
911883 978965
922207 920109
929527 936077
967326 998856
942612 976619
990468 916577
906750 977355
975844 955962
952172 917283
975632 928490
911721 946901
947324 903608
947560 921920
987371 972908
900704 982994
935295 985894
930352 936626
918756 952297
943383 985977
949591 923327
988585 987564
939715 902280
963591 954734
953813 946532
914447 980639
961399 944190
961796 958411
968034 959354
941600 986695
984228 978796
983313 966112
952551 938407
904580 920616
946923 955568
900590 962479
977973 916805
964608 906091
945151 909697
916261 937016
944063 927335
949390 979731
968150 984240
915811 920477
977969 918794
915219 905352
963586 977997
951657 982545
910687 939121
927956 990734
907283 922178
911758 972312
986984 954092
920083 945922
927419 960528
904282 916100
916120 969961
943807 903594
902429 955778
927205 945714
953326 941725
972030 968332
939898 904818
936918 951713
934903 919537
991882 905756
917418 977788
961528 970549
973273 970390
979859 983781
951204 910546
931755 983169
960162 989648
907950 981413
907469 925109
970812 949473
910897 997098
934304 975622
920009 939267
968955 954336
931764 943828
978310 924618
971799 956721
990424 988059
919944 968461
924204 939764
965528 911370
928366 969049
971182 991555
967959 927932
925015 903966
955774 979928
914602 911647
908004 900389
999694 949212
902228 950815
915342 986431
986673 968057
917033 978323
947174 926175
977776 924564
975699 919235
966890 931151
985028 943589
999293 933404
967000 928740
968089 950508
918361 914765
973705 980275
982281 901438
971543 956961
960195 920613
939171 923724
918941 988117
946784 929438
917479 961542
962124 920509
979363 986396
920796 969154
900696 927886
963671 905613
913195 902512
958154 988357
928109 903023
936129 961508
924339 912902
906701 966076
970269 917678
931949 919806
920502 939628
969609 952321
954139 997819
966154 900645
992699 962897
926185 991450
906706 916596
917545 987752
981783 996999
953028 945631
910201 910388
960020 942643
979845 969443
990847 922329
947645 909948
954778 968550
916860 937258
938615 991358
983193 937276
930405 987613
913294 950775
953474 946886
990147 953848
948453 902337
997626 996556
909767 932796
905465 975730
925504 962684
928129 971058
939329 973129
927270 957902
981892 971600
921564 949093
930325 910754
970292 967127
915644 973817
938055 925758
993301 948042
903283 943284
960857 975277
936851 920844
988165 907840
953337 951260
996382 968547
940466 993145
962106 911544
951439 962223
950751 933164
987772 919091
939791 988449
953278 993506
947561 971136
979779 926992
993455 940773
953579 924607
975984 930699
980413 964939
997287 931090
939564 955544
951880 911945
928647 939897
968407 976926
952169 991349
942671 962992
914149 916307
933388 906284
971719 995805
901405 967526
926499 935511
904915 921894
941514 999748
936525 977574
938815 934155
993854 971181
989658 940505
918130 963439
963462 935404
912425 978958
963287 955268
993220 990831
904363 926454
985237 926724
950732 986766
976074 988599
985010 969969
994648 986179
964699 902997
975427 998815
982217 964086
982807 902020
992982 920530
977927 935739
937234 998916
969340 927553
931326 992297
973919 952155
963630 935348
981195 953922
936576 938958
978500 993385
916344 965414
906216 983736
971558 976861
911129 963016
911623 929665
997892 926711
980558 971227
942415 912543
973622 921362
994682 920271
926707 983070
996887 942193
991302 968380
976424 941669
930518 925227
900354 903811
914791 995190
932446 970854
915532 904922
998717 935182
943978 907997
930610 900074
987392 938021
976513 961177
966017 977705
912147 905544
958154 904584
963877 918084
989530 930597
990565 921347
907360 964656
916360 956015
989839 938106
911849 956658
902743 993534
941653 972646
900359 954457
964154 908211
938880 917638
986786 971789
906432 956288
909063 905269
910474 978536
917991 970923
913369 934690
961326 959865
992390 973730
948050 911781
987954 954217
975274 955163
911880 940508
963280 945788
951779 989265
957086 969346
918693 909819
951008 919267
906326 951421
904608 950293
943762 967967
970449 953455
944768 940893
964069 962617
978814 940399
989485 924492
945184 929412
940551 939747
964347 935387
987444 961705
962644 938898
957648 982553
937032 942485
953368 979632
955142 954972
950114 943895
920954 945722
919844 949415
928068 942410
990886 944145
995932 918222
981024 949952
970716 919055
902427 911603
983732 946101
938242 914626
976981 965640
915168 914587
997985 983943
990090 926180
941062 966180
901663 986031
998050 976670
935833 987670
904314 949683
972714 963055
935310 953849
976301 918926
961355 960391
994635 997362
982792 932420
977361 937105
982646 964538
959668 983820
964269 933229
974547 953118
911254 983257
908363 936183
955233 950027
905695 986673
949344 943476
942237 969549
941056 906937
977599 976871
929874 998247
936784 934469
958948 924029
933539 959006
947832 939402
926734 924687
917309 981254
941078 926069
930836 964619
925915 955475
944476 931138
990473 913117
942277 938837
915875 961433
977469 979222
937951 971201
973986 926539
963651 965211
957201 952349
908760 997795
956326 953548
994876 937287
996196 901778
990168 977189
984370 981135
954882 977936
966598 923011
965420 942576
967992 991268
949583 934260
937803 905127
935942 998784
924064 948415
902813 975138
934674 953090
915208 915279
914302 901297
943837 967851
953770 970237
933880 936463
933680 983375
973613 954338
948211 983302
905461 900849
911891 928763
928232 928724
975622 993144
988560 903862
958526 988751
981590 928932
911323 956447
921112 994827
968886 917355
914024 978592
943444 903191
944817 972530
918604 952977
971223 906433
974995 905580
919543 936047
972601 989989
911535 912357
984039 951923
930450 962834
962572 904992
955665 913763
997444 989438
968674 976284
914727 943316
965552 986895
973531 960424
962925 912475
972285 940546
988436 915797
916748 910181
938110 988586
922249 941748
915536 992436
921413 910692
970062 992250
959147 934176
988067 985906
961055 908461
972306 911570
928993 939203
956683 915246
912227 925603
954996 908174
906686 964281
987220 944639
930194 920532
901243 904334
985738 978099
932222 994454
943478 992501
946102 982829
990639 993956
930353 927336
927983 912796
976750 953248
951813 979483
961296 972104
943859 970685
970024 969257
997319 946357
990748 982607
964240 900189
910583 979024
945524 947130
938964 957643
905637 973469
974249 980530
989270 992088
907737 946401
911823 921276
970842 975300
982846 966412
933547 939190
946565 915919
972006 915408
949083 993948
986183 960753
967666 952542
999518 982532
912586 907583
924155 982781
960514 918553
969320 912388
961987 910700
908646 973833
918467 910438
976677 958137
924007 988363
944282 923566
935629 904154
937556 973163
991223 986895
904280 996936
923116 907770
942141 910157
900601 910618
943767 920285
994017 969638
908685 998482
913726 970878
930272 952733
904007 968613
905769 919830
934136 979592
914725 925699
976177 937884
934952 947944
983904 992623
996234 915942
979610 919869
903059 941027
912439 989032
991042 954995
917579 969513
998102 980721
965000 970783
954478 911012
970105 946942
911744 901821
954838 967857
953440 984555
984546 968673
976129 922075
958735 937597
973411 911137
949721 902300
941336 916513
940002 941967
959453 957858
902063 908614
